state,county,region,RUCC,less_than_high_school,high_school_diploma,college/associate_degree,bachelors/higher,state-county,poverty
AL,Autauga County,South,2.0,12.417,34.331,28.66,24.593,AL-Autauga County,14.0
AL,Baldwin County,South,3.0,9.972,28.692,31.788,29.547,AL-Baldwin County,12.0
AL,Barbour County,South,6.0,26.236,34.927,25.969,12.868,AL-Barbour County,30.0
AL,Bibb County,South,1.0,19.302,41.816,26.883,12.0,AL-Bibb County,20.0
AL,Blount County,South,1.0,19.969,32.942,34.039,13.05,AL-Blount County,14.0
AL,Bullock County,South,6.0,33.438,34.147,22.16,10.255,AL-Bullock County,33.0
AL,Butler County,South,6.0,18.94,39.852,25.127,16.08,AL-Butler County,25.0
AL,Calhoun County,South,3.0,17.663,32.072,32.612,17.653,AL-Calhoun County,17.0
AL,Chambers County,South,6.0,19.737,39.411,28.368,12.484,AL-Chambers County,20.0
AL,Cherokee County,South,6.0,18.717,35.958,31.363,13.962,AL-Cherokee County,17.0
AL,Chilton County,South,1.0,19.902,41.254,23.989,14.855,AL-Chilton County,18.0
AL,Choctaw County,South,9.0,21.147,37.257,29.636,11.96,AL-Choctaw County,23.0
AL,Clarke County,South,7.0,18.958,45.118,23.787,12.137,AL-Clarke County,29.0
AL,Clay County,South,9.0,25.386,34.575,28.975,11.063,AL-Clay County,19.0
AL,Cleburne County,South,8.0,25.815,37.97,24.686,11.528,AL-Cleburne County,17.0
AL,Coffee County,South,4.0,14.864,29.344,32.126,23.667,AL-Coffee County,14.0
AL,Colbert County,South,3.0,16.577,34.849,30.104,18.471,AL-Colbert County,17.0
AL,Conecuh County,South,7.0,20.572,46.208,24.557,8.663,AL-Conecuh County,28.0
AL,Coosa County,South,8.0,27.065,36.335,26.66,9.941,AL-Coosa County,18.0
AL,Covington County,South,6.0,19.066,34.407,31.606,14.921,AL-Covington County,20.0
AL,Crenshaw County,South,8.0,21.684,38.53,25.139,14.648,AL-Crenshaw County,21.0
AL,Cullman County,South,4.0,17.844,35.126,32.062,14.969,AL-Cullman County,15.0
AL,Dale County,South,4.0,14.165,33.07,36.696,16.069,AL-Dale County,21.0
AL,Dallas County,South,4.0,20.982,36.456,28.778,13.784,AL-Dallas County,35.0
AL,DeKalb County,South,6.0,27.363,34.273,26.998,11.366,AL-DeKalb County,21.0
AL,Elmore County,South,2.0,13.172,35.443,29.146,22.238,AL-Elmore County,14.0
AL,Escambia County,South,6.0,19.544,43.432,25.398,11.626,AL-Escambia County,23.0
AL,Etowah County,South,3.0,17.549,32.546,33.413,16.492,AL-Etowah County,18.0
AL,Fayette County,South,6.0,20.769,39.039,26.046,14.145,AL-Fayette County,20.0
AL,Franklin County,South,6.0,24.331,36.688,26.591,12.39,AL-Franklin County,20.0
AL,Geneva County,South,3.0,22.313,35.959,30.066,11.662,AL-Geneva County,21.0
AL,Greene County,South,8.0,23.051,40.972,26.002,9.975,AL-Greene County,34.0
AL,Hale County,South,3.0,18.604,42.79,24.577,14.029,AL-Hale County,24.0
AL,Henry County,South,3.0,19.303,36.143,28.41,16.144,AL-Henry County,19.0
AL,Houston County,South,3.0,15.096,32.128,31.758,21.018,AL-Houston County,19.0
AL,Jackson County,South,6.0,20.515,41.138,25.768,12.578,AL-Jackson County,18.0
AL,Jefferson County,South,1.0,11.005,26.477,31.078,31.44,AL-Jefferson County,15.0
AL,Lamar County,South,8.0,22.585,35.367,28.986,13.063,AL-Lamar County,19.0
AL,Lauderdale County,South,3.0,15.137,34.601,28.582,21.679,AL-Lauderdale County,15.0
AL,Lawrence County,South,3.0,22.457,39.869,27.366,10.309,AL-Lawrence County,17.0
AL,Lee County,South,3.0,11.288,24.539,29.762,34.412,AL-Lee County,18.0
AL,Limestone County,South,2.0,16.843,31.983,27.913,23.261,AL-Limestone County,13.0
AL,Lowndes County,South,2.0,25.192,37.669,24.857,12.282,AL-Lowndes County,32.0
AL,Macon County,South,6.0,19.534,31.207,29.217,20.042,AL-Macon County,30.0
AL,Madison County,South,2.0,9.185,20.9,29.242,40.672,AL-Madison County,14.0
AL,Marengo County,South,7.0,16.142,40.244,28.825,14.789,AL-Marengo County,26.0
AL,Marion County,South,7.0,20.109,34.975,32.45,12.466,AL-Marion County,19.0
AL,Marshall County,South,4.0,21.395,31.894,30.144,16.567,AL-Marshall County,21.0
AL,Mobile County,South,2.0,14.223,32.556,30.709,22.512,AL-Mobile County,20.0
AL,Monroe County,South,7.0,17.968,45.075,24.562,12.395,AL-Monroe County,26.0
AL,Montgomery County,South,2.0,14.487,25.389,28.664,31.46,AL-Montgomery County,19.0
AL,Morgan County,South,3.0,17.509,30.071,30.991,21.429,AL-Morgan County,16.0
AL,Perry County,South,8.0,23.616,39.522,22.37,14.493,AL-Perry County,35.0
AL,Pickens County,South,3.0,18.901,39.925,30.055,11.119,AL-Pickens County,26.0
AL,Pike County,South,6.0,20.043,32.679,23.29,23.988,AL-Pike County,25.0
AL,Randolph County,South,6.0,22.739,36.4,25.482,15.379,AL-Randolph County,22.0
AL,Russell County,South,2.0,17.439,31.166,34.381,17.014,AL-Russell County,19.0
AL,St. Clair County,South,1.0,16.517,36.126,31.254,16.104,AL-St. Clair County,12.0
AL,Shelby County,South,1.0,8.426,21.047,29.104,41.423,AL-Shelby County,8.0
AL,Sumter County,South,8.0,20.017,41.592,20.271,18.12,AL-Sumter County,32.0
AL,Talladega County,South,4.0,20.188,35.674,31.047,13.091,AL-Talladega County,18.0
AL,Tallapoosa County,South,6.0,20.36,35.285,27.039,17.316,AL-Tallapoosa County,20.0
AL,Tuscaloosa County,South,3.0,11.858,30.339,28.433,29.369,AL-Tuscaloosa County,18.0
AL,Walker County,South,1.0,21.445,36.609,31.403,10.543,AL-Walker County,21.0
AL,Washington County,South,8.0,20.262,45.8,24.314,9.623,AL-Washington County,18.0
AL,Wilcox County,South,9.0,20.145,44.913,23.639,11.302,AL-Wilcox County,32.0
AL,Winston County,South,6.0,23.996,34.341,28.575,13.089,AL-Winston County,17.0
AK,Aleutians East Borough,West,9.0,15.639,42.043,30.373,11.945,AK-Aleutians East Borough,15.0
AK,Aleutians West Census Area,West,9.0,12.521,40.308,31.471,15.699,AK-Aleutians West Census Area,8.0
AK,Anchorage Borough,West,2.0,6.715,23.955,35.032,34.298,AK-Anchorage Municipality,7.0
AK,Bethel Census Area,West,7.0,19.099,45.407,24.077,11.417,AK-Bethel Census Area,26.0
AK,Bristol Bay Borough,West,9.0,7.396,34.823,38.675,19.106,AK-Bristol Bay Borough,11.0
AK,Denali Borough,West,8.0,3.792,23.353,34.331,38.523,AK-Denali Borough,6.0
AK,Dillingham Census Area,West,9.0,13.208,36.863,32.365,17.564,AK-Dillingham Census Area,20.0
AK,Fairbanks North Star Borough,West,3.0,5.608,22.193,38.827,33.373,AK-Fairbanks North Star Borough,9.0
AK,Haines Borough,West,9.0,4.548,25.663,29.345,40.444,AK-Haines Borough,10.0
AK,Hoonah-Angoon Census Area,West,9.0,9.436,33.882,32.426,24.256,AK-Hoonah-Angoon Census Area,19.0
AK,Juneau Borough,West,5.0,4.375,21.195,34.996,39.434,AK-Juneau City and Borough,7.0
AK,Kenai Peninsula Borough,West,7.0,7.269,32.189,36.861,23.681,AK-Kenai Peninsula Borough,12.0
AK,Ketchikan Gateway Borough,West,7.0,7.966,31.746,36.519,23.77,AK-Ketchikan Gateway Borough,9.0
AK,Kodiak Island Borough,West,7.0,9.335,27.273,38.542,24.85,AK-Kodiak Island Borough,7.0
AK,Kusilvak Census Area,West,9.0,21.574,52.213,21.415,4.797,AK-Kusilvak Census Area,38.0
AK,Lake and Peninsula Borough,West,9.0,13.653,42.515,31.377,12.455,AK-Lake and Peninsula Borough,21.0
AK,Matanuska-Susitna Borough,West,2.0,7.598,31.838,39.977,20.588,AK-Matanuska-Susitna Borough,10.0
AK,Nome Census Area,West,7.0,15.076,43.082,27.932,13.91,AK-Nome Census Area,24.0
AK,North Slope Borough,West,7.0,11.633,37.844,36.341,14.182,AK-North Slope Borough,12.0
AK,Northwest Arctic Borough,West,7.0,20.881,44.953,23.404,10.762,AK-Northwest Arctic Borough,28.0
AK,Petersburg Borough,West,9.0,7.612,33.712,33.664,25.012,AK-Petersburg Census Area,8.0
AK,Prince of Wales-Hyder Census Area,West,9.0,9.48,39.121,35.607,15.792,AK-Prince of Wales-Hyder Census Area,18.0
AK,Sitka Borough,West,7.0,7.354,25.683,34.609,32.354,AK-Sitka City and Borough,8.0
AK,Skagway Municipality,West,9.0,3.47,24.907,37.918,33.705,AK-Skagway Municipality,4.0
AK,Southeast Fairbanks Census Area,West,9.0,9.255,33.415,38.131,19.199,AK-Southeast Fairbanks Census Area,12.0
AK,Valdez-Cordova Census Area,West,9.0,7.215,27.326,35.371,30.088,AK-Valdez-Cordova Census Area,9.0
AK,Wrangell Borough,West,9.0,11.885,34.295,33.56,20.26,AK-Wrangell City and Borough,12.0
AK,Yakutat Borough,West,9.0,5.543,40.798,33.925,19.734,AK-Yakutat City and Borough,17.0
AK,Yukon-Koyukuk Census Area,West,9.0,17.114,39.932,30.698,12.256,AK-Yukon-Koyukuk Census Area,23.0
AZ,Apache County,West,6.0,21.758,33.493,33.69,11.059,AZ-Apache County,33.0
AZ,Cochise County,West,3.0,13.409,23.216,40.212,23.163,AZ-Cochise County,21.0
AZ,Coconino County,West,3.0,11.085,21.603,33.103,34.209,AZ-Coconino County,18.0
AZ,Gila County,West,4.0,15.73,28.677,37.856,17.737,AZ-Gila County,20.0
AZ,Graham County,West,7.0,14.581,32.932,39.163,13.324,AZ-Graham County,23.0
AZ,Greenlee County,West,7.0,12.145,36.798,38.86,12.197,AZ-Greenlee County,12.0
AZ,La Paz County,West,6.0,24.842,36.443,28.278,10.437,AZ-La Paz County,25.0
AZ,Maricopa County,West,1.0,13.052,22.943,33.037,30.969,AZ-Maricopa County,15.0
AZ,Mohave County,West,3.0,16.146,35.989,35.987,11.879,AZ-Mohave County,18.0
AZ,Navajo County,West,4.0,18.494,30.345,36.669,14.492,AZ-Navajo County,28.0
AZ,Pima County,West,2.0,12.252,22.594,34.353,30.801,AZ-Pima County,18.0
AZ,Pinal County,West,1.0,15.083,29.202,37.243,18.471,AZ-Pinal County,15.0
AZ,Santa Cruz County,West,4.0,25.207,26.162,26.138,22.493,AZ-Santa Cruz County,21.0
AZ,Yavapai County,West,3.0,9.831,25.798,38.83,25.542,AZ-Yavapai County,13.0
AZ,Yuma County,West,3.0,28.28,25.564,31.77,14.387,AZ-Yuma County,19.0
AR,Arkansas County,South,6.0,17.481,40.588,27.501,14.429,AR-Arkansas County,18.0
AR,Ashley County,South,7.0,16.105,39.736,30.571,13.587,AR-Ashley County,18.0
AR,Baxter County,South,7.0,12.782,34.353,35.126,17.738,AR-Baxter County,13.0
AR,Benton County,South,2.0,12.766,30.489,26.021,30.723,AR-Benton County,9.0
AR,Boone County,South,7.0,15.021,34.562,35.449,14.968,AR-Boone County,15.0
AR,Bradley County,South,7.0,20.127,41.453,24.189,14.231,AR-Bradley County,24.0
AR,Calhoun County,South,9.0,16.766,49.622,21.598,12.014,AR-Calhoun County,17.0
AR,Carroll County,South,6.0,16.187,34.932,31.189,17.692,AR-Carroll County,17.0
AR,Chicot County,South,7.0,19.928,42.029,24.909,13.134,AR-Chicot County,30.0
AR,Clark County,South,7.0,13.469,30.865,30.949,24.717,AR-Clark County,22.0
AR,Clay County,South,7.0,20.884,42.416,25.351,11.349,AR-Clay County,19.0
AR,Cleburne County,South,6.0,16.683,38.191,29.743,15.382,AR-Cleburne County,16.0
AR,Cleveland County,South,3.0,13.872,43.906,26.476,15.747,AR-Cleveland County,16.0
AR,Columbia County,South,7.0,14.834,39.235,24.016,21.915,AR-Columbia County,24.0
AR,Conway County,South,6.0,15.032,42.298,25.751,16.919,AR-Conway County,19.0
AR,Craighead County,South,3.0,12.049,34.232,28.327,25.392,AR-Craighead County,16.0
AR,Crawford County,South,2.0,14.721,39.973,31.757,13.55,AR-Crawford County,17.0
AR,Crittenden County,South,1.0,18.228,35.578,28.803,17.391,AR-Crittenden County,26.0
AR,Cross County,South,6.0,19.349,43.996,21.907,14.748,AR-Cross County,19.0
AR,Dallas County,South,6.0,16.559,48.898,21.856,12.688,AR-Dallas County,21.0
AR,Desha County,South,6.0,23.87,39.688,23.258,13.184,AR-Desha County,27.0
AR,Drew County,South,6.0,18.35,36.916,24.89,19.844,AR-Drew County,19.0
AR,Faulkner County,South,2.0,8.927,30.651,31.308,29.114,AR-Faulkner County,16.0
AR,Franklin County,South,6.0,18.852,40.827,27.307,13.014,AR-Franklin County,18.0
AR,Fulton County,South,9.0,16.085,40.678,32.203,11.034,AR-Fulton County,23.0
AR,Garland County,South,3.0,11.641,31.331,36.405,20.623,AR-Garland County,18.0
AR,Grant County,South,2.0,9.979,41.605,28.58,19.837,AR-Grant County,12.0
AR,Greene County,South,4.0,14.747,42.98,25.83,16.443,AR-Greene County,15.0
AR,Hempstead County,South,6.0,21.34,37.983,28.061,12.616,AR-Hempstead County,21.0
AR,Hot Spring County,South,6.0,14.126,41.619,30.773,13.483,AR-Hot Spring County,15.0
AR,Howard County,South,6.0,20.6,33.797,29.858,15.745,AR-Howard County,19.0
AR,Independence County,South,7.0,15.512,37.537,29.332,17.619,AR-Independence County,16.0
AR,Izard County,South,9.0,16.06,40.728,30.833,12.379,AR-Izard County,20.0
AR,Jackson County,South,6.0,23.39,42.067,25.898,8.646,AR-Jackson County,24.0
AR,Jefferson County,South,3.0,15.724,38.442,28.845,16.989,AR-Jefferson County,23.0
AR,Johnson County,South,7.0,20.991,43.097,19.971,15.941,AR-Johnson County,18.0
AR,Lafayette County,South,8.0,19.767,42.747,23.808,13.678,AR-Lafayette County,27.0
AR,Lawrence County,South,6.0,18.264,41.152,27.173,13.411,AR-Lawrence County,20.0
AR,Lee County,South,7.0,30.725,38.55,22.568,8.157,AR-Lee County,36.0
AR,Lincoln County,South,3.0,20.947,50.243,21.007,7.803,AR-Lincoln County,28.0
AR,Little River County,South,3.0,14.001,40.578,35.702,9.719,AR-Little River County,18.0
AR,Logan County,South,6.0,17.208,43.913,25.867,13.012,AR-Logan County,18.0
AR,Lonoke County,South,2.0,11.913,33.866,34.716,19.506,AR-Lonoke County,12.0
AR,Madison County,South,2.0,19.64,47.116,21.913,11.331,AR-Madison County,18.0
AR,Marion County,South,9.0,14.013,39.431,31.241,15.316,AR-Marion County,21.0
AR,Miller County,South,3.0,14.47,39.221,31.812,14.497,AR-Miller County,22.0
AR,Mississippi County,South,4.0,19.594,36.826,30.943,12.637,AR-Mississippi County,25.0
AR,Monroe County,South,7.0,21.822,41.7,27.425,9.053,AR-Monroe County,27.0
AR,Montgomery County,South,8.0,20.219,35.428,31.841,12.511,AR-Montgomery County,22.0
AR,Nevada County,South,7.0,16.869,45.022,23.051,15.057,AR-Nevada County,20.0
AR,Newton County,South,9.0,19.583,40.675,24.911,14.831,AR-Newton County,20.0
AR,Ouachita County,South,7.0,13.828,42.614,26.941,16.616,AR-Ouachita County,25.0
AR,Perry County,South,2.0,17.766,43.034,28.573,10.626,AR-Perry County,17.0
AR,Phillips County,South,6.0,23.614,31.443,33.278,11.665,AR-Phillips County,32.0
AR,Pike County,South,9.0,18.552,35.569,31.032,14.847,AR-Pike County,18.0
AR,Poinsett County,South,3.0,21.284,42.458,26.682,9.576,AR-Poinsett County,23.0
AR,Polk County,South,7.0,15.737,36.938,35.057,12.268,AR-Polk County,23.0
AR,Pope County,South,5.0,16.537,33.776,28.353,21.334,AR-Pope County,18.0
AR,Prairie County,South,8.0,17.625,43.388,25.963,13.023,AR-Prairie County,18.0
AR,Pulaski County,South,2.0,9.913,27.104,30.05,32.933,AR-Pulaski County,17.0
AR,Randolph County,South,7.0,16.716,38.343,31.264,13.677,AR-Randolph County,19.0
AR,St. Francis County,South,6.0,22.032,38.733,28.839,10.396,AR-St. Francis County,32.0
AR,Saline County,South,2.0,10.735,33.447,31.287,24.53,AR-Saline County,9.0
AR,Scott County,South,6.0,23.586,38.466,27.366,10.582,AR-Scott County,20.0
AR,Searcy County,South,9.0,15.432,42.071,28.053,14.444,AR-Searcy County,23.0
AR,Sebastian County,South,2.0,17.522,31.905,31.783,18.789,AR-Sebastian County,17.0
AR,Sevier County,South,6.0,30.391,34.555,25.672,9.381,AR-Sevier County,21.0
AR,Sharp County,South,7.0,16.77,43.157,29.984,10.09,AR-Sharp County,21.0
AR,Stone County,South,9.0,23.469,35.05,27.034,14.447,AR-Stone County,22.0
AR,Union County,South,7.0,16.251,35.96,28.56,19.229,AR-Union County,19.0
AR,Van Buren County,South,8.0,15.672,45.188,25.521,13.618,AR-Van Buren County,17.0
AR,Washington County,South,2.0,15.82,27.491,25.512,31.177,AR-Washington County,16.0
AR,White County,South,4.0,15.968,38.17,26.52,19.342,AR-White County,16.0
AR,Woodruff County,South,9.0,24.479,45.449,19.856,10.217,AR-Woodruff County,26.0
AR,Yell County,South,6.0,22.148,40.865,22.609,14.378,AR-Yell County,18.0
CA,Alameda County,West,1.0,12.701,17.998,25.413,43.888,CA-Alameda County,11.0
CA,Alpine County,West,8.0,8.861,32.532,28.861,29.747,CA-Alpine County,19.0
CA,Amador County,West,6.0,11.657,26.762,40.068,21.513,CA-Amador County,11.0
CA,Butte County,West,3.0,11.739,22.698,39.418,26.146,CA-Butte County,20.0
CA,Calaveras County,West,6.0,9.594,27.221,42.965,20.22,CA-Calaveras County,13.0
CA,Colusa County,West,6.0,31.944,21.849,31.78,14.427,CA-Colusa County,11.0
CA,Contra Costa County,West,1.0,10.941,18.169,30.62,40.27,CA-Contra Costa County,9.0
CA,Del Norte County,West,7.0,17.846,30.747,36.501,14.907,CA-Del Norte County,24.0
CA,El Dorado County,West,1.0,7.374,21.762,37.881,32.983,CA-El Dorado County,9.0
CA,Fresno County,West,2.0,26.224,22.742,31.301,19.732,CA-Fresno County,26.0
CA,Glenn County,West,6.0,27.46,27.88,31.952,12.708,CA-Glenn County,17.0
CA,Humboldt County,West,5.0,9.674,24.736,37.364,28.226,CA-Humboldt County,20.0
CA,Imperial County,West,3.0,32.973,22.478,30.592,13.957,CA-Imperial County,24.0
CA,Inyo County,West,7.0,11.532,31.217,32.759,24.492,CA-Inyo County,12.0
CA,Kern County,West,2.0,26.4,27.218,30.717,15.665,CA-Kern County,22.0
CA,Kings County,West,3.0,27.149,26.41,33.653,12.789,CA-Kings County,17.0
CA,Lake County,West,4.0,16.287,27.824,39.732,16.157,CA-Lake County,21.0
CA,Lassen County,West,7.0,18.604,30.897,37.961,12.538,CA-Lassen County,18.0
CA,Los Angeles County,West,1.0,22.282,20.679,26.275,30.764,CA-Los Angeles County,16.0
CA,Madera County,West,3.0,28.296,25.899,32.675,13.13,CA-Madera County,20.0
CA,Marin County,West,1.0,6.893,11.265,24.76,57.081,CA-Marin County,8.0
CA,Mariposa County,West,8.0,10.532,28.353,38.479,22.637,CA-Mariposa County,18.0
CA,Mendocino County,West,4.0,13.459,26.205,36.257,24.079,CA-Mendocino County,19.0
CA,Merced County,West,2.0,31.391,25.24,29.707,13.662,CA-Merced County,20.0
CA,Modoc County,West,6.0,13.587,27.084,41.059,18.27,CA-Modoc County,18.0
CA,Mono County,West,7.0,16.001,17.993,35.361,30.645,CA-Mono County,12.0
CA,Monterey County,West,2.0,29.101,20.365,26.885,23.649,CA-Monterey County,13.0
CA,Napa County,West,3.0,16.095,18.791,32.068,33.046,CA-Napa County,8.0
CA,Nevada County,West,4.0,6.668,19.6,39.33,34.402,CA-Nevada County,11.0
CA,Orange County,West,1.0,15.49,17.421,28.641,38.447,CA-Orange County,11.0
CA,Placer County,West,1.0,5.799,19.208,38.091,36.902,CA-Placer County,7.0
CA,Plumas County,West,7.0,8.09,23.857,46.114,21.939,CA-Plumas County,13.0
CA,Riverside County,West,1.0,19.521,25.889,33.401,21.189,CA-Riverside County,15.0
CA,Sacramento County,West,1.0,13.221,22.403,35.093,29.284,CA-Sacramento County,16.0
CA,San Benito County,West,1.0,21.704,24.637,34.704,18.955,CA-San Benito County,11.0
CA,San Bernardino County,West,1.0,21.208,26.219,33.257,19.317,CA-San Bernardino County,18.0
CA,San Diego County,West,1.0,13.598,18.81,31.097,36.494,CA-San Diego County,12.0
CA,San Francisco County,West,1.0,12.56,12.465,20.182,54.793,CA-San Francisco County,10.0
CA,San Joaquin County,West,2.0,22.015,26.649,33.173,18.162,CA-San Joaquin County,15.0
CA,San Luis Obispo County,West,2.0,9.876,19.368,36.697,34.059,CA-San Luis Obispo County,11.0
CA,San Mateo County,West,1.0,11.372,15.946,25.63,47.051,CA-San Mateo County,7.0
CA,Santa Barbara County,West,2.0,19.948,17.893,29.928,32.231,CA-Santa Barbara County,14.0
CA,Santa Clara County,West,1.0,12.929,14.769,23.199,49.103,CA-Santa Clara County,9.0
CA,Santa Cruz County,West,2.0,13.681,15.476,31.851,38.991,CA-Santa Cruz County,13.0
CA,Shasta County,West,3.0,10.012,25.456,44.44,20.091,CA-Shasta County,17.0
CA,Sierra County,West,8.0,10.962,26.543,42.713,19.782,CA-Sierra County,14.0
CA,Siskiyou County,West,6.0,11.433,25.437,40.974,22.156,CA-Siskiyou County,19.0
CA,Solano County,West,2.0,12.502,23.524,38.852,25.122,CA-Solano County,11.0
CA,Sonoma County,West,2.0,12.775,19.427,34.731,33.068,CA-Sonoma County,9.0
CA,Stanislaus County,West,2.0,22.386,28.144,32.95,16.52,CA-Stanislaus County,15.0
CA,Sutter County,West,3.0,20.797,24.401,36.901,17.901,CA-Sutter County,17.0
CA,Tehama County,West,4.0,17.092,31.096,38.006,13.806,CA-Tehama County,21.0
CA,Trinity County,West,8.0,9.335,32.443,38.156,20.065,CA-Trinity County,21.0
CA,Tulare County,West,2.0,31.826,25.359,28.823,13.992,CA-Tulare County,25.0
CA,Tuolumne County,West,4.0,10.208,28.623,41.426,19.742,CA-Tuolumne County,15.0
CA,Ventura County,West,2.0,16.573,18.763,32.464,32.2,CA-Ventura County,10.0
CA,Yolo County,West,1.0,14.361,19.23,26.385,40.024,CA-Yolo County,19.0
CA,Yuba County,West,3.0,17.844,24.32,42.287,15.548,CA-Yuba County,17.0
CO,Adams County,West,1.0,17.839,28.48,31.314,22.368,CO-Adams County,12.0
CO,Alamosa County,West,7.0,16.17,24.378,33.648,25.804,CO-Alamosa County,25.0
CO,Arapahoe County,West,1.0,7.682,20.6,30.988,40.73,CO-Arapahoe County,9.0
CO,Archuleta County,West,7.0,8.634,25.606,30.828,34.931,CO-Archuleta County,12.0
CO,Baca County,West,9.0,13.746,29.553,34.861,21.84,CO-Baca County,20.0
CO,Bent County,West,7.0,15.764,45.456,29.288,9.492,CO-Bent County,34.0
CO,Boulder County,West,2.0,5.539,12.877,22.272,59.313,CO-Boulder County,11.0
CO,Broomfield County,West,1.0,3.948,15.049,28.546,52.457,CO-Broomfield County,5.0
CO,Chaffee County,West,7.0,8.316,26.2,31.072,34.412,CO-Chaffee County,11.0
CO,Cheyenne County,West,9.0,9.373,34.014,33.333,23.28,CO-Cheyenne County,14.0
CO,Clear Creek County,West,1.0,3.067,20.343,32.027,44.562,CO-Clear Creek County,8.0
CO,Conejos County,West,9.0,16.014,31.67,33.976,18.34,CO-Conejos County,23.0
CO,Costilla County,West,9.0,23.018,26.35,30.601,20.031,CO-Costilla County,30.0
CO,Crowley County,West,8.0,17.153,40.407,32.192,10.249,CO-Crowley County,48.0
CO,Custer County,West,8.0,8.299,21.821,40.478,29.403,CO-Custer County,14.0
CO,Delta County,West,6.0,11.989,36.905,31.499,19.606,CO-Delta County,18.0
CO,Denver County,West,1.0,13.639,17.63,23.012,45.719,CO-Denver County,14.0
CO,Dolores County,West,9.0,9.132,38.698,31.886,20.284,CO-Dolores County,13.0
CO,Douglas County,West,1.0,2.083,12.29,28.1,57.526,CO-Douglas County,3.0
CO,Eagle County,West,5.0,11.182,17.905,25.879,45.035,CO-Eagle County,8.0
CO,Elbert County,West,1.0,3.583,26.104,37.491,32.822,CO-Elbert County,6.0
CO,El Paso County,West,2.0,6.052,20.556,36.826,36.566,CO-El Paso County,12.0
CO,Fremont County,West,4.0,11.272,39.2,33.131,16.397,CO-Fremont County,18.0
CO,Garfield County,West,5.0,13.066,28.699,29.1,29.135,CO-Garfield County,9.0
CO,Gilpin County,West,1.0,2.003,24.306,39.326,34.365,CO-Gilpin County,8.0
CO,Grand County,West,7.0,4.275,25.743,32.812,37.171,CO-Grand County,8.0
CO,Gunnison County,West,7.0,4.65,18.136,24.621,52.593,CO-Gunnison County,14.0
CO,Hinsdale County,West,9.0,5.136,22.825,31.098,40.942,CO-Hinsdale County,10.0
CO,Huerfano County,West,6.0,8.664,27.428,37.918,25.991,CO-Huerfano County,22.0
CO,Jackson County,West,9.0,12.21,37.235,31.483,19.072,CO-Jackson County,14.0
CO,Jefferson County,West,1.0,5.848,20.891,31.041,42.22,CO-Jefferson County,7.0
CO,Kiowa County,West,9.0,7.097,35.169,37.5,20.233,CO-Kiowa County,14.0
CO,Kit Carson County,West,7.0,16.463,38.053,31.653,13.831,CO-Kit Carson County,14.0
CO,Lake County,West,6.0,7.179,33.582,28.325,30.914,CO-Lake County,15.0
CO,La Plata County,West,4.0,5.195,19.305,32.501,42.998,CO-La Plata County,11.0
CO,Larimer County,West,2.0,4.33,19.361,31.034,45.275,CO-Larimer County,11.0
CO,Las Animas County,West,7.0,14.237,29.566,37.249,18.948,CO-Las Animas County,22.0
CO,Lincoln County,West,8.0,14.783,49.743,21.795,13.68,CO-Lincoln County,18.0
CO,Logan County,West,7.0,10.658,34.228,38.399,16.716,CO-Logan County,16.0
CO,Mesa County,West,3.0,10.163,29.26,34.476,26.1,CO-Mesa County,15.0
CO,Mineral County,West,9.0,3.366,21.038,33.1,42.496,CO-Mineral County,9.0
CO,Moffat County,West,7.0,8.921,39.949,32.261,18.868,CO-Moffat County,13.0
CO,Montezuma County,West,6.0,9.826,29.518,33.637,27.019,CO-Montezuma County,15.0
CO,Montrose County,West,4.0,11.209,32.097,32.912,23.782,CO-Montrose County,16.0
CO,Morgan County,West,6.0,19.019,31.751,33.126,16.104,CO-Morgan County,12.0
CO,Otero County,West,6.0,14.205,28.434,40.249,17.112,CO-Otero County,24.0
CO,Ouray County,West,9.0,2.206,18.155,25.146,54.492,CO-Ouray County,9.0
CO,Park County,West,1.0,3.701,26.029,39.792,30.479,CO-Park County,9.0
CO,Phillips County,West,9.0,10.906,32.356,36.343,20.395,CO-Phillips County,12.0
CO,Pitkin County,West,7.0,4.591,13.764,21.21,60.435,CO-Pitkin County,7.0
CO,Prowers County,West,7.0,17.351,27.58,39.675,15.394,CO-Prowers County,21.0
CO,Pueblo County,West,3.0,11.754,29.28,37.726,21.239,CO-Pueblo County,20.0
CO,Rio Blanco County,West,9.0,8.167,33.584,36.4,21.849,CO-Rio Blanco County,10.0
CO,Rio Grande County,West,7.0,16.624,27.408,33.402,22.567,CO-Rio Grande County,18.0
CO,Routt County,West,7.0,3.458,21.597,25.532,49.413,CO-Routt County,7.0
CO,Saguache County,West,9.0,19.169,26.281,29.081,25.469,CO-Saguache County,28.0
CO,San Juan County,West,9.0,4.595,32.604,34.354,28.446,CO-San Juan County,16.0
CO,San Miguel County,West,9.0,6.833,14.828,23.274,55.064,CO-San Miguel County,10.0
CO,Sedgwick County,West,9.0,8.818,33.804,37.566,19.812,CO-Sedgwick County,15.0
CO,Summit County,West,5.0,5.344,16.998,27.74,49.918,CO-Summit County,8.0
CO,Teller County,West,2.0,5.64,25.37,36.416,32.575,CO-Teller County,10.0
CO,Washington County,West,9.0,8.691,34.112,41.206,15.992,CO-Washington County,14.0
CO,Weld County,West,2.0,12.995,26.954,33.29,26.762,CO-Weld County,12.0
CO,Yuma County,West,7.0,12.907,33.098,32.604,21.391,CO-Yuma County,12.0
CT,Fairfield County,Northeast,2.0,10.104,22.359,21.175,46.362,CT-Fairfield County,9.0
CT,Hartford County,Northeast,1.0,10.736,27.182,25.215,36.866,CT-Hartford County,11.0
CT,Litchfield County,Northeast,4.0,8.297,29.5,28.186,34.017,CT-Litchfield County,7.0
CT,Middlesex County,Northeast,1.0,6.153,27.194,25.724,40.928,CT-Middlesex County,8.0
CT,New Haven County,Northeast,2.0,10.503,30.34,24.869,34.288,CT-New Haven County,11.0
CT,New London County,Northeast,2.0,8.433,30.845,28.306,32.416,CT-New London County,9.0
CT,Tolland County,Northeast,1.0,6.214,27.072,27.854,38.86,CT-Tolland County,7.0
CT,Windham County,Northeast,2.0,11.925,33.289,30.929,23.857,CT-Windham County,12.0
DE,Kent County,South,3.0,13.104,33.572,30.203,23.122,DE-Kent County,14.0
DE,New Castle County,South,1.0,9.539,28.9,26.131,35.429,DE-New Castle County,11.0
DE,Sussex County,South,2.0,13.792,34.689,27.633,23.885,DE-Sussex County,12.0
DC,District of Columbia,South,1.0,10.045,18.006,16.588,55.36,DC-District of Columbia,19.0
FL,Alachua County,South,2.0,7.468,21.926,29.091,41.515,FL-Alachua County,22.0
FL,Baker County,South,1.0,17.871,41.526,27.839,12.764,FL-Baker County,17.0
FL,Bay County,South,3.0,11.32,30.576,35.57,22.534,FL-Bay County,15.0
FL,Bradford County,South,6.0,23.213,34.765,30.242,11.779,FL-Bradford County,19.0
FL,Brevard County,South,2.0,8.824,28.859,34.589,27.729,FL-Brevard County,15.0
FL,Broward County,South,1.0,11.689,27.297,29.998,31.016,FL-Broward County,14.0
FL,Calhoun County,South,6.0,23.13,39.852,26.542,10.476,FL-Calhoun County,22.0
FL,Charlotte County,South,3.0,10.579,34.223,33.594,21.604,FL-Charlotte County,13.0
FL,Citrus County,South,3.0,13.289,37.516,31.349,17.846,FL-Citrus County,17.0
FL,Clay County,South,1.0,9.192,30.7,36.17,23.938,FL-Clay County,10.0
FL,Collier County,South,2.0,14.322,26.175,25.623,33.881,FL-Collier County,11.0
FL,Columbia County,South,4.0,13.757,36.114,34.22,15.909,FL-Columbia County,18.0
FL,DeSoto County,South,6.0,29.476,40.68,19.805,10.039,FL-DeSoto County,29.0
FL,Dixie County,South,6.0,22.236,43.224,28.142,6.397,FL-Dixie County,25.0
FL,Duval County,South,1.0,11.092,28.048,32.771,28.089,FL-Duval County,15.0
FL,Escambia County,South,2.0,10.054,28.151,36.912,24.883,FL-Escambia County,15.0
FL,Flagler County,South,2.0,8.925,33.411,34.342,23.322,FL-Flagler County,11.0
FL,Franklin County,South,6.0,20.398,35.791,27.078,16.734,FL-Franklin County,23.0
FL,Gadsden County,South,2.0,21.164,35.649,25.705,17.482,FL-Gadsden County,21.0
FL,Gilchrist County,South,2.0,17.294,39.317,31.043,12.345,FL-Gilchrist County,17.0
FL,Glades County,South,6.0,25.598,43.972,21.549,8.881,FL-Glades County,22.0
FL,Gulf County,South,3.0,17.471,35.743,30.076,16.711,FL-Gulf County,24.0
FL,Hamilton County,South,6.0,24.995,38.539,26.265,10.201,FL-Hamilton County,29.0
FL,Hardee County,South,6.0,31.137,40.378,18.855,9.631,FL-Hardee County,24.0
FL,Hendry County,South,4.0,37.136,31.66,22.065,9.138,FL-Hendry County,25.0
FL,Hernando County,South,1.0,12.966,36.641,33.99,16.404,FL-Hernando County,15.0
FL,Highlands County,South,3.0,16.714,36.927,29.891,16.469,FL-Highlands County,19.0
FL,Hillsborough County,South,1.0,12.196,27.191,29.179,31.433,FL-Hillsborough County,15.0
FL,Holmes County,South,6.0,21.74,37.642,28.282,12.336,FL-Holmes County,24.0
FL,Indian River County,South,3.0,12.432,30.15,30.251,27.167,FL-Indian River County,12.0
FL,Jackson County,South,6.0,21.615,35.482,29.213,13.69,FL-Jackson County,23.0
FL,Jefferson County,South,2.0,20.163,32.611,28.212,19.015,FL-Jefferson County,19.0
FL,Lafayette County,South,9.0,25.229,37.337,23.824,13.611,FL-Lafayette County,23.0
FL,Lake County,South,1.0,12.22,33.5,32.611,21.669,FL-Lake County,12.0
FL,Lee County,South,2.0,12.991,30.748,29.544,26.717,FL-Lee County,13.0
FL,Leon County,South,2.0,7.403,18.577,28.776,45.243,FL-Leon County,19.0
FL,Levy County,South,6.0,18.097,41.3,29.441,11.163,FL-Levy County,21.0
FL,Liberty County,South,8.0,20.877,46.494,20.167,12.462,FL-Liberty County,24.0
FL,Madison County,South,6.0,17.294,38.563,31.801,12.342,FL-Madison County,32.0
FL,Manatee County,South,2.0,11.522,30.929,29.676,27.874,FL-Manatee County,13.0
FL,Marion County,South,2.0,13.586,37.181,30.85,18.383,FL-Marion County,17.0
FL,Martin County,South,2.0,9.985,26.091,32.388,31.536,FL-Martin County,11.0
FL,Miami-Dade County,South,1.0,19.376,28.36,24.983,27.282,FL-Miami-Dade County,18.0
FL,Monroe County,South,4.0,8.99,28.793,31.146,31.071,FL-Monroe County,12.0
FL,Nassau County,South,1.0,9.074,34.874,31.525,24.527,FL-Nassau County,10.0
FL,Okaloosa County,South,3.0,8.713,25.531,36.316,29.441,FL-Okaloosa County,11.0
FL,Okeechobee County,South,4.0,28.147,37.941,23.187,10.724,FL-Okeechobee County,20.0
FL,Orange County,South,1.0,12.319,25.738,30.02,31.923,FL-Orange County,16.0
FL,Osceola County,South,1.0,14.293,33.638,33.393,18.677,FL-Osceola County,15.0
FL,Palm Beach County,South,1.0,12.055,25.113,28.644,34.189,FL-Palm Beach County,13.0
FL,Pasco County,South,1.0,11.738,33.236,32.542,22.484,FL-Pasco County,13.0
FL,Pinellas County,South,1.0,9.603,29.057,31.829,29.511,FL-Pinellas County,13.0
FL,Polk County,South,2.0,16.009,35.911,28.62,19.461,FL-Polk County,16.0
FL,Putnam County,South,4.0,21.59,38.225,27.506,12.679,FL-Putnam County,22.0
FL,St. Johns County,South,1.0,5.339,21.246,30.94,42.475,FL-St. Johns County,8.0
FL,St. Lucie County,South,2.0,14.188,33.191,32.789,19.832,FL-St. Lucie County,17.0
FL,Santa Rosa County,South,2.0,9.831,27.35,35.931,26.888,FL-Santa Rosa County,11.0
FL,Sarasota County,South,2.0,7.44,29.847,29.656,33.058,FL-Sarasota County,11.0
FL,Seminole County,South,1.0,6.618,23.389,34.147,35.846,FL-Seminole County,11.0
FL,Sumter County,South,3.0,9.471,30.352,30.361,29.817,FL-Sumter County,11.0
FL,Suwannee County,South,6.0,20.864,40.042,27.056,12.038,FL-Suwannee County,20.0
FL,Taylor County,South,6.0,21.293,41.054,27.825,9.828,FL-Taylor County,23.0
FL,Union County,South,6.0,25.639,39.636,27.124,7.601,FL-Union County,25.0
FL,Volusia County,South,2.0,10.708,33.463,33.413,22.416,FL-Volusia County,14.0
FL,Wakulla County,South,2.0,12.316,37.364,33.68,16.641,FL-Wakulla County,13.0
FL,Walton County,South,3.0,15.084,26.463,32.144,26.309,FL-Walton County,13.0
FL,Washington County,South,6.0,20.179,41.795,27.042,10.984,FL-Washington County,23.0
GA,Appling County,South,7.0,23.625,40.767,23.69,11.918,GA-Appling County,20.0
GA,Atkinson County,South,9.0,32.105,40.05,21.167,6.678,GA-Atkinson County,26.0
GA,Bacon County,South,7.0,19.885,41.001,25.916,13.197,GA-Bacon County,23.0
GA,Baker County,South,3.0,21.246,41.531,26.223,11.0,GA-Baker County,28.0
GA,Baldwin County,South,4.0,18.346,37.026,26.206,18.422,GA-Baldwin County,26.0
GA,Banks County,South,8.0,24.551,42.946,21.517,10.986,GA-Banks County,16.0
GA,Barrow County,South,1.0,17.961,33.692,31.562,16.785,GA-Barrow County,13.0
GA,Bartow County,South,1.0,18.403,34.411,28.672,18.515,GA-Bartow County,15.0
GA,Ben Hill County,South,7.0,18.833,43.123,27.491,10.553,GA-Ben Hill County,26.0
GA,Berrien County,South,6.0,19.689,38.8,29.244,12.267,GA-Berrien County,22.0
GA,Bibb County,South,3.0,15.711,32.235,27.464,24.59,GA-Bibb County,26.0
GA,Bleckley County,South,6.0,14.827,42.328,25.12,17.725,GA-Bleckley County,22.0
GA,Brantley County,South,3.0,19.816,45.594,25.08,9.51,GA-Brantley County,21.0
GA,Brooks County,South,3.0,21.019,38.462,28.082,12.437,GA-Brooks County,25.0
GA,Bryan County,South,2.0,9.571,25.774,31.318,33.336,GA-Bryan County,10.0
GA,Bulloch County,South,4.0,13.378,27.568,30.805,28.248,GA-Bulloch County,24.0
GA,Burke County,South,2.0,22.685,38.195,28.716,10.404,GA-Burke County,27.0
GA,Butts County,South,1.0,22.808,44.523,22.464,10.205,GA-Butts County,17.0
GA,Calhoun County,South,8.0,24.016,40.181,25.51,10.293,GA-Calhoun County,33.0
GA,Camden County,South,4.0,8.971,32.464,35.945,22.619,GA-Camden County,15.0
GA,Candler County,South,7.0,24.744,35.908,25.117,14.23,GA-Candler County,25.0
GA,Carroll County,South,1.0,18.888,35.162,27.765,18.185,GA-Carroll County,15.0
GA,Catoosa County,South,2.0,14.39,31.801,34.159,19.65,GA-Catoosa County,13.0
GA,Charlton County,South,6.0,19.138,46.322,25.551,8.988,GA-Charlton County,27.0
GA,Chatham County,South,2.0,10.708,24.953,31.444,32.895,GA-Chatham County,17.0
GA,Chattahoochee County,South,2.0,9.843,26.68,33.36,30.118,GA-Chattahoochee County,22.0
GA,Chattooga County,South,6.0,27.504,39.184,24.453,8.859,GA-Chattooga County,20.0
GA,Cherokee County,South,1.0,10.239,24.052,30.212,35.497,GA-Cherokee County,8.0
GA,Clarke County,South,3.0,13.787,21.406,24.054,40.753,GA-Clarke County,28.0
GA,Clay County,South,9.0,17.658,45.969,28.935,7.438,GA-Clay County,35.0
GA,Clayton County,South,1.0,16.439,31.784,32.748,19.029,GA-Clayton County,21.0
GA,Clinch County,South,6.0,23.564,38.648,23.406,14.383,GA-Clinch County,26.0
GA,Cobb County,South,1.0,8.811,19.025,27.178,44.986,GA-Cobb County,10.0
GA,Coffee County,South,7.0,21.253,39.549,26.114,13.084,GA-Coffee County,23.0
GA,Colquitt County,South,6.0,27.457,37.045,22.574,12.924,GA-Colquitt County,25.0
GA,Columbia County,South,2.0,8.148,24.475,32.277,35.1,GA-Columbia County,7.0
GA,Cook County,South,6.0,23.619,39.023,23.52,13.838,GA-Cook County,25.0
GA,Coweta County,South,1.0,11.394,31.176,29.346,28.085,GA-Coweta County,10.0
GA,Crawford County,South,3.0,19.454,37.556,29.875,13.115,GA-Crawford County,19.0
GA,Crisp County,South,6.0,20.346,37.828,26.749,15.077,GA-Crisp County,30.0
GA,Dade County,South,2.0,19.918,36.117,30.168,13.798,GA-Dade County,16.0
GA,Dawson County,South,1.0,13.521,29.035,27.603,29.841,GA-Dawson County,10.0
GA,Decatur County,South,6.0,20.493,33.928,28.69,16.889,GA-Decatur County,30.0
GA,DeKalb County,South,1.0,11.434,20.861,25.961,41.745,GA-DeKalb County,18.0
GA,Dodge County,South,6.0,18.498,42.378,25.589,13.535,GA-Dodge County,25.0
GA,Dooly County,South,6.0,25.49,40.068,23.179,11.263,GA-Dooly County,29.0
GA,Dougherty County,South,3.0,17.84,28.351,34.043,19.766,GA-Dougherty County,31.0
GA,Douglas County,South,1.0,11.744,31.4,30.709,26.148,GA-Douglas County,13.0
GA,Early County,South,6.0,20.22,40.612,25.097,14.071,GA-Early County,31.0
GA,Echols County,South,3.0,33.033,35.303,23.796,7.867,GA-Echols County,23.0
GA,Effingham County,South,2.0,13.798,36.901,31.022,18.279,GA-Effingham County,10.0
GA,Elbert County,South,6.0,21.531,45.261,21.517,11.69,GA-Elbert County,22.0
GA,Emanuel County,South,7.0,22.174,40.197,25.915,11.714,GA-Emanuel County,27.0
GA,Evans County,South,6.0,22.946,39.683,22.274,15.097,GA-Evans County,24.0
GA,Fannin County,South,8.0,16.98,38.795,26.503,17.722,GA-Fannin County,14.0
GA,Fayette County,South,1.0,5.425,20.717,28.081,45.777,GA-Fayette County,6.0
GA,Floyd County,South,3.0,20.267,31.036,28.897,19.801,GA-Floyd County,16.0
GA,Forsyth County,South,1.0,7.754,17.632,26.344,48.27,GA-Forsyth County,6.0
GA,Franklin County,South,8.0,23.416,40.024,23.925,12.635,GA-Franklin County,21.0
GA,Fulton County,South,1.0,8.677,18.073,23.444,49.806,GA-Fulton County,16.0
GA,Gilmer County,South,6.0,19.651,35.885,26.624,17.839,GA-Gilmer County,15.0
GA,Glascock County,South,9.0,21.422,43.327,27.031,8.221,GA-Glascock County,19.0
GA,Glynn County,South,3.0,12.39,27.605,31.841,28.164,GA-Glynn County,19.0
GA,Gordon County,South,4.0,24.593,35.33,27.161,12.916,GA-Gordon County,16.0
GA,Grady County,South,6.0,22.902,37.206,27.121,12.77,GA-Grady County,21.0
GA,Greene County,South,6.0,17.654,33.521,24.078,24.747,GA-Greene County,18.0
GA,Gwinnett County,South,1.0,12.467,23.33,29.274,34.93,GA-Gwinnett County,11.0
GA,Habersham County,South,6.0,21.712,34.247,26.529,17.512,GA-Habersham County,16.0
GA,Hall County,South,3.0,22.701,27.699,27.126,22.474,GA-Hall County,14.0
GA,Hancock County,South,7.0,27.095,40.328,21.688,10.89,GA-Hancock County,34.0
GA,Haralson County,South,1.0,21.706,36.693,27.838,13.764,GA-Haralson County,19.0
GA,Harris County,South,2.0,10.243,26.95,36.207,26.601,GA-Harris County,9.0
GA,Hart County,South,6.0,19.087,37.722,29.539,13.652,GA-Hart County,17.0
GA,Heard County,South,1.0,21.132,43.551,24.815,10.502,GA-Heard County,20.0
GA,Henry County,South,1.0,10.552,29.933,32.036,27.479,GA-Henry County,10.0
GA,Houston County,South,3.0,10.17,29.312,36.485,24.034,GA-Houston County,15.0
GA,Irwin County,South,7.0,15.283,43.47,30.097,11.149,GA-Irwin County,24.0
GA,Jackson County,South,4.0,18.279,33.297,29.356,19.068,GA-Jackson County,13.0
GA,Jasper County,South,1.0,22.822,41.223,25.592,10.363,GA-Jasper County,17.0
GA,Jeff Davis County,South,7.0,21.623,38.543,29.086,10.748,GA-Jeff Davis County,24.0
GA,Jefferson County,South,6.0,25.536,41.364,22.685,10.416,GA-Jefferson County,25.0
GA,Jenkins County,South,6.0,22.17,39.743,25.061,13.026,GA-Jenkins County,34.0
GA,Johnson County,South,7.0,25.745,37.601,27.964,8.69,GA-Johnson County,29.0
GA,Jones County,South,3.0,12.47,38.085,29.213,20.232,GA-Jones County,12.0
GA,Lamar County,South,1.0,16.007,38.689,28.147,17.158,GA-Lamar County,18.0
GA,Lanier County,South,3.0,21.771,28.738,34.09,15.401,GA-Lanier County,23.0
GA,Laurens County,South,5.0,17.129,44.011,23.623,15.237,GA-Laurens County,26.0
GA,Lee County,South,3.0,11.48,28.829,35.527,24.163,GA-Lee County,11.0
GA,Liberty County,South,3.0,10.344,31.485,39.272,18.9,GA-Liberty County,15.0
GA,Lincoln County,South,2.0,16.584,42.499,27.764,13.153,GA-Lincoln County,19.0
GA,Long County,South,3.0,12.731,34.616,37.415,15.238,GA-Long County,19.0
GA,Lowndes County,South,3.0,15.563,29.216,31.366,23.855,GA-Lowndes County,22.0
GA,Lumpkin County,South,6.0,15.756,29.013,28.245,26.985,GA-Lumpkin County,16.0
GA,McDuffie County,South,2.0,20.134,39.655,26.027,14.184,GA-McDuffie County,23.0
GA,McIntosh County,South,3.0,17.604,35.121,33.508,13.767,GA-McIntosh County,21.0
GA,Macon County,South,6.0,27.824,34.736,28.91,8.53,GA-Macon County,32.0
GA,Madison County,South,3.0,17.239,39.717,27.573,15.471,GA-Madison County,15.0
GA,Marion County,South,2.0,21.573,38.543,28.808,11.076,GA-Marion County,23.0
GA,Meriwether County,South,1.0,22.938,38.885,28.031,10.146,GA-Meriwether County,21.0
GA,Miller County,South,8.0,20.966,38.72,28.911,11.403,GA-Miller County,23.0
GA,Mitchell County,South,6.0,23.447,40.832,23.727,11.994,GA-Mitchell County,30.0
GA,Monroe County,South,3.0,15.784,35.423,26.608,22.185,GA-Monroe County,12.0
GA,Montgomery County,South,9.0,17.953,38.573,27.921,15.553,GA-Montgomery County,23.0
GA,Morgan County,South,1.0,16.608,35.033,27.588,20.771,GA-Morgan County,13.0
GA,Murray County,South,3.0,31.215,35.791,22.129,10.865,GA-Murray County,18.0
GA,Muscogee County,South,2.0,13.388,26.835,34.775,25.002,GA-Muscogee County,22.0
GA,Newton County,South,1.0,15.613,31.394,33.179,19.814,GA-Newton County,18.0
GA,Oconee County,South,3.0,6.644,20.923,25.875,46.558,GA-Oconee County,7.0
GA,Oglethorpe County,South,3.0,20.415,36.983,25.986,16.616,GA-Oglethorpe County,15.0
GA,Paulding County,South,1.0,10.401,33.497,31.469,24.633,GA-Paulding County,9.0
GA,Peach County,South,3.0,14.925,30.908,34.017,20.151,GA-Peach County,21.0
GA,Pickens County,South,1.0,16.764,29.714,28.765,24.757,GA-Pickens County,11.0
GA,Pierce County,South,6.0,17.992,40.38,28.726,12.901,GA-Pierce County,17.0
GA,Pike County,South,1.0,12.138,41.565,30.99,15.307,GA-Pike County,12.0
GA,Polk County,South,4.0,24.289,37.225,25.502,12.984,GA-Polk County,19.0
GA,Pulaski County,South,3.0,19.544,42.942,25.701,11.812,GA-Pulaski County,25.0
GA,Putnam County,South,6.0,15.94,38.219,27.549,18.293,GA-Putnam County,18.0
GA,Quitman County,South,9.0,23.082,42.613,25.745,8.561,GA-Quitman County,27.0
GA,Rabun County,South,7.0,14.444,33.041,26.18,26.336,GA-Rabun County,17.0
